P&R, TESTS, If(Ko+Detected>0 || Rej>0,1,0), If(Ok>0 && Rej>0,1,0), Ko
90, 1, 0.012460475797439881086759032273213964388, 0.007897411509815054441317070112521106000, 0.000021365337619921928429980186035992288
90, 2, 0.009843646732873988743024186673201644091, 0.004633697430205886797237133088057244000, 0.000036142534712743339210289587354170491
90, 3, 0.008086848589876335698249028078111406799, 0.002450793443983629929272377124856887000, 0.000092563718390874149138166587798985899
90, 4, 0.0070723707961432513432920296950010865220, 0.0011656237425950313278734619430910740000, 0.0002155842534433134642035512096830593220
90, 5, 0.00658558727645020238704866676155200607163, 0.00053011997198058864304581207127361820000, 0.00033379090648896805551475240926892787163
90, 6, 0.006331097982049141343213217428944988515430, 0.000211028513076187938271242341611510400000, 0.000434807467582791996737732670241936115430
90, 7, 0.006256065592215237202112542630614289723630, 0.000105779788874732722348244385220370600000, 0.000524726833610919839609789140417896123630
90, 8, 0.0062344222640772876000168689849832722523500, 0.0000914507050601330057958003476378195100000, 0.0005925507278616703382752669307803257423500
95, 1, 0.011783570965067881148228958046936135457, 0.007060002739597310807740001579905400000, 0.000021313079091042634504221062333865827
95, 2, 0.009290849000317097401409177314726129252, 0.003908793414298909488667947860509893000, 0.000047127803653333390214584474110571252
95, 3, 0.007885862006465938876070032765997619190, 0.002074031684187713285022905850371530000, 0.000123559532981453079135088797169938090
95, 4, 0.0071268431369656755829888530669447859725, 0.0010705697524758772337731731936373700000, 0.0001959026648356186254548275979954313725
95, 5, 0.0066938373208343971162388495533652002211, 0.0005008185514102957877816394050050832000, 0.0002693134257605440705612767661794941211
95, 6, 0.0064426694699559295191957805870679173366, 0.0001958841930072188808606668326213197000, 0.0003312347661530741900974716320376366366
95, 7, 0.006368267062069816739831253770733003441190, 0.000112876575187111011209776145110176500000, 0.000384894736443135323144199655827915941190
95, 8, 0.0063479318521180821879239501350615776770500, 0.0001051176502068801967871617067533132000000, 0.0004335938459058506415089047255533384770500
99, 1, 0.011283126346737103691134718592641663132, 0.006439432749596801588578299659158213000, 0.000021295530752636902666107339243690632
99, 2, 0.009089551927735586524129497720042040139, 0.003569481130783516271899858130392603000, 0.000055394642231473405840109238138087439
99, 3, 0.007954491673357674620070702054696266286, 0.002018421824761155296348840750053388000, 0.000079650445038477723185917384973262186
99, 4, 0.0072763137598806510489231465540679744700, 0.0010818840418949753118080783150038450000, 0.0001003828428492006495213818450025685700
99, 5, 0.006849672390246036856907752119183536788000, 0.000508987218912735251537929234960860100000, 0.000120692841699323387311873980135125988000
99, 6, 0.00658192627467690445735156208541232184200000, 0.00017888575213339293746356460746890220000000, 0.00014351657126677822991077619428603334200000
99, 7, 0.0065447416663510236379851964309700033137000000, 0.0001301886815996056773880296895028404000000000, 0.0001601405489612314113260936045534276137000000
99, 8, 0.006536378207087581673612928333917498357740000000, 0.000128301477060982400946193640742243900000000000, 0.000176760112401813317389056970140088657740000000

P&R, TESTS, build, steady_state
90, 1, 3.491208208s,0.286448209s
90, 2, 8.320662583s,0.258202167s
90, 3, 42.010838667s,0.208110208s
90, 4, 113.275726417s,0.175732334s
90, 5, 329.287035375s,0.308681917s
90, 6, 930.911310542s,0.66898325s
90, 7, 2502.619056084s,1.948195958s
90, 8, 6246.446433s,6.070392958s
95, 1, 1.882436167s,0.036809334s
95, 2, 8.09631825s,0.013437291s
95, 3, 31.418405958s,0.044285167s
95, 4, 100.0216565s,0.074239833s
95, 5, 297.259992209s,0.182360791s
95, 6, 813.807958667s,0.488138167s
95, 7, 2062.963725083s,1.529427084s
95, 8, 4983.363716541s,4.783273459s
99, 1, 1.832118083s,0.005986292s
99, 2, 8.0926775s,0.019609166s
99, 3, 30.21624025s,0.036370583s
99, 4, 92.692233875s,0.061872083s
99, 5, 259.01959s,0.188868s
99, 6, 679.426868083s,0.382502042s
99, 7, 1693.046027791s,1.185071458s
99, 8, 4057.06531575s,4.267979625s




______________ PERIODO U CORRETTO

P&R, TESTS, If(Ko+Detected>0 || Rej>0,1,0), If(Ok>0 && Rej>0,1,0), Ko
90, 1, 0.012460475797439789214047255441181591898, 0.007897411509814997855229020850240642000, 0.000021365337619917729909517176029402718
90, 2, 0.009843646732873928469750519707136961862, 0.004633697430205859334274607160582477000, 0.000036142534712740060498926617387184462
90, 3, 0.008086848589876304867424275541370558315, 0.002450793443983623314087338487250173000, 0.000092563718390871757189175894403047415
90, 4, 0.00708756952214069110760335511442146276003, 0.00112686543744134923018514443564510700000, 0.00026195759713721855782566144973611016003
90, 5, 0.00670080929004226584799741152379571605239, 0.00047049816336671194261340019475399170000, 0.00046555553675408747289500819900534835239
90, 6, 0.006560930452611350364480289050900378969730, 0.000161836851077582083700998161396814000000, 0.000630151990253989645425066269957361969730
90, 7, 0.006603937114435369115542836501854141381300, 0.000032372022686454187841397520593493130000, 0.000808109336311244427889746060006292251300
90, 8, 0.0066437083036921999327594590982994896609500, 0.0000082965442106068483855486754631735380000, 0.0009097012502728506021845678367319061229500
95, 1, 0.011783570965067780429661571886892781847, 0.007060002739597266340055640813125527000, 0.000021313079091032007756464675037271457
95, 2, 0.009290849000317024916630063093468252613, 0.003908793414298886152535988666650108000, 0.000047127803653325491989000903435598413
95, 3, 0.007902591566678652449727418818302036990, 0.002013811703795127854906503561966146000, 0.000182738549030936937384953378672121290
95, 4, 0.0071948428727127169130462397264990711743, 0.0010126817696175182747871975489226760000, 0.0002941913103367883330471903048119654743
95, 5, 0.0068207482459254319519896952329082529537, 0.0004541644772151477911937096968526905000, 0.0004036064764602580198321212279585684537
95, 6, 0.00664484093407950954453555516121968914338, 0.00015819988997705859477774260180530250000, 0.00051286032192961359727004928172494664338
95, 7, 0.006574215188723292543659883887122169705120, 0.000027899984850556241711845088290630570000, 0.000608593700707346149937916491082410135120
95, 8, 0.0065979787012227575529126463355690777434200, 0.0000081046194967201832469301210164069070000, 0.0006881640660264305589914884865668008364200
99, 1, 0.011283126346737011120681954028807638299, 0.006439432749596755660949992916961067000, 0.000021295530752632819296609039717086939
99, 2, 0.009090917533503092218765592297431240413, 0.003524710404904639587808301532350373000, 0.000086483010549598894034378569007876513
99, 3, 0.007979377549566745809303953691662681758, 0.001975049301732556247399904129190761000, 0.000130748376779297635568874415022949958
99, 4, 0.0073265255410858644780381022833744304470, 0.0010495757981464362314159442447763400000, 0.0001666564958016818254839779012594613470
99, 5, 0.006923482905002836990751927825672512907000, 0.000488070404884195269737314317268113800000, 0.000199817203277104354736020039659666907000
99, 6, 0.00667706202644528722588806040006450440700000, 0.00016665981520621773478499807231362870000000, 0.00023425619343065967400952726985443320700000
99, 7, 0.0065524791780405100573589449401655667840000000, 0.0000208427143343551378563513697436527000000000, 0.0002782432494542195949337861294989983840000000
99, 8, 0.006554871217418472913197518287286088542500000000, 0.000009423046872306899660481104980563908000000000, 0.000307645779159685332008073517766190634500000000

P&R, TESTS, build, steady_state
90, 1, 4.656951042s,0.046538625s
90, 2, 16.943546583s,0.021023041s
90, 3, 23.352062458s,0.033739542s
90, 4, 70.070167959s,0.07625325s
90, 5, 210.946185292s,0.17659375s
90, 6, 590.21854875s,0.513848583s
90, 7, 1580.402767959s,1.672223125s
90, 8, 4080.734174792s,5.929193416s
95, 1, 1.349271042s,0.004966084s
95, 2, 5.989496167s,0.008488292s
95, 3, 22.294832208s,0.02122825s
95, 4, 68.657571375s,0.051234667s
95, 5, 198.620477667s,0.140860792s
95, 6, 537.534047958s,0.421493834s
95, 7, 1373.12681875s,1.350902375s
95, 8, 3454.943065417s,4.813701583s
99, 1, 1.371557875s,0.003813292s
99, 2, 6.049504209s,0.008675917s
99, 3, 21.963645584s,0.018678792s
99, 4, 65.494081958s,0.041729708s
99, 5, 178.158284875s,0.11123975s
99, 6, 459.89634425s,0.332639042s
99, 7, 1160.832666875s,1.134107792s
99, 8, 2432.823554041s,3.496817625s